vertex num:4
edge num5
Aij           1 -2.65359e-06      10.0001
 2.65359e-06            1          -20
           0            0           -1
Bij          -1  2.65359e-06            0
-2.65359e-06           -1            0
           0            0            1
err_ij   10.1
10.0001
 1.5708
H   501      0    500   -500      0      0      0      0      0      0      0      0
     0    501   4750      0   -500      0      0      0      0      0      0      0
   500   4750  50626   -500  -4750  -5000      0      0      0      0      0      0
  -500      0   -500   1000      0 -10000   -500      0      0      0      0      0
     0   -500  -4750      0   1000   5000      0   -500      0      0      0      0
     0      0  -5000 -10000   5000 260000  10000  -5000  -5000      0      0      0
     0      0      0   -500      0  10000   1000      0   5000   -500      0      0
     0      0      0      0   -500  -5000      0   1000 -10000      0   -500      0
     0      0      0      0      0  -5000   5000 -10000 260000  -5000  10000  -5000
     0      0      0      0      0      0   -500      0  -5000    500      0      0
     0      0      0      0      0      0      0   -500  10000      0    500      0
     0      0      0      0      0      0      0      0  -5000      0      0   5000
b     350
     500
-2753.98
   -5350
   -5500
   50000
   10050
   10000
-49500.3
   -5050
-5000.01
    7854
H:
    1001        0      500     -500        0        0        0        0        0     -500        0    -4500
       0     1001     4750        0     -500        0        0        0        0        0     -500     -250
     500     4750    55626     -500    -4750    -5000        0        0        0        0        0    -5000
    -500        0     -500     1500        0   -10000     -500        0        0     -500        0 -5000.93
       0     -500    -4750        0     1500     5000        0     -500        0        0     -500 -4999.07
       0        0    -5000   -10000     5000   265000    10000    -5000    -5000        0        0    -5000
       0        0        0     -500        0    10000     1000        0     5000     -500        0        0
       0        0        0        0     -500    -5000        0     1000   -10000        0     -500        0
       0        0        0        0        0    -5000     5000   -10000   260000    -5000    10000    -5000
    -500        0        0     -500        0        0     -500        0    -5000     1500        0  9500.93
       0     -500        0        0     -500        0        0     -500    10000        0     1500  5249.07
   -4500     -250    -5000 -5000.93 -4999.07    -5000        0        0    -5000  9500.93  5249.07   155625
b: 599.998
    1050
    5100
   -5400
   -5600
 50000.4
   10050
   10000
-49500.3
   -5250
-5450.01
-1025.49
